1.101930007934570312e+02 2.004321479797363281e+01 7.750885009765625000e+01 1.197186813354492188e+02
1.101936340332031250e+02 2.004401969909667969e+01 7.539968872070312500e+01 1.207692718505859375e+02
1.101942214965820312e+02 2.004452323913574219e+01 7.339647674560546875e+01 1.184986801147460938e+02
1.101938476562500000e+02 2.004360389709472656e+01 7.650486755371093750e+01 1.215370407104492188e+02
1.101933517456054688e+02 2.004353713989257812e+01 7.506378936767578125e+01 1.204711990356445312e+02
1.101918945312500000e+02 2.004310989379882812e+01 7.384946441650390625e+01 1.168873901367187500e+02
1.101931381225585938e+02 2.004372024536132812e+01 7.549677276611328125e+01 1.211219329833984375e+02
1.101925201416015625e+02 2.004387283325195312e+01 7.428514862060546875e+01 1.192412872314453125e+02
1.101929702758789062e+02 2.004360771179199219e+01 7.772725677490234375e+01 1.204936676025390625e+02
1.101939315795898438e+02 2.004383659362792969e+01 7.730345916748046875e+01 1.218136215209960938e+02
1.102644271850585938e+02 2.003768730163574219e+01 1.600000000000000000e+01 7.500000000000000000e+01
1.102644271850585938e+02 2.003669738769531250e+01 1.800000000000000000e+01 1.280000000000000000e+02
1.102656936645507812e+02 2.003570747375488281e+01 6.500000000000000000e+01 9.500000000000000000e+01
1.102669601440429688e+02 2.003471755981445312e+01 1.050000000000000000e+02 9.500000000000000000e+01
1.102707519531250000e+02 2.002977180480957031e+01 1.100000000000000000e+02 9.900000000000000000e+01
1.102720184326171875e+02 2.002779197692871094e+01 1.020000000000000000e+02 9.600000000000000000e+01
1.102732772827148438e+02 2.002680206298828125e+01 9.300000000000000000e+01 8.700000000000000000e+01
1.102783355712890625e+02 2.002581405639648438e+01 4.100000000000000000e+01 5.200000000000000000e+01
1.102783355712890625e+02 2.002581405639648438e+01 1.000000000000000000e+01 2.310000000000000000e+02
1.102796020507812500e+02 2.002482414245605469e+01 4.600000000000000000e+01 7.700000000000000000e+01
